ASAS14ad	29.44182872772217	0.4172058541882531	1
ASAS14hp	29.557821376054353	0.05351652408435466	4
ASAS14hr	29.576835745369657	0.07098924922235046	3
ASAS14hu	29.71034221623197	0.03542583122974591	12
ASAS14jc	29.713725929654732	0.07168087049434858	5
ASAS14jg	29.139939009315356	0.08547629396995039	6
ASAS14jz	29.724240458055597	0.042722644832812136	9
ASAS14kq	29.626934369062003	0.05054219935492256	7
ASAS14lt	29.633809072222114	0.058329573313012716	5
ASAS14me	29.55563340389906	0.04398829278230782	11
ASAS14mf	29.161859263034966	0.37521101997786344	5
ASAS14my	29.730451583862305	0.2379034280320895	1
ASAS15aj	29.06894945826544	0.2656772212226067	7
ASAS15al	29.771974907122313	0.13957183145927765	5
ASAS15as	30.28006865315061	0.2053995347970405	6
ASAS15ba	29.638420960251256	0.11625484682422133	5
ASAS15be	29.606997445440047	0.07667539732021428	6
ASAS15cb	29.75097995272431	0.08644995256919903	4
ASAS15cd	29.663239061864182	0.13524344756293466	6
ASAS15da	29.388723371672732	0.35258575427752475	4
ASAS15dd	29.666857685619696	0.05960251039153637	7
ASAS15eb	29.755896155791472	0.06650346932622474	23
ASAS15fr	29.811468051203857	0.04423313329975891	8
ASAS15ga	29.66959157895581	0.13609997015867129	3
ASAS15go	29.73976514387307	0.08450045190207803	8
ASAS15gr	29.61684737482057	0.14182088189039296	8
ASAS15hf	29.74993673287809	0.04567441151285279	8
ASAS15hg	29.62850959075515	0.11003659497876746	5
ASAS15hx	29.562335241395783	0.08133742434322988	6
CSP12F	28.881166841092238	0.05526730959265159	11
CSP12G	29.430105607776014	0.05193121769518538	18
CSP12J	29.398083523823523	0.06656631632491762	17
CSP12M	29.708862906408186	0.16171517787156137	3
CSP12N	30.388175556336282	0.06446894996657862	9
CSP13aad	28.701533556829197	0.06413338539477571	9
CSP13aaf	29.33881570367978	0.11801407854272782	4
CSP13aam	28.719077533645756	0.1697559633652588	10
CSP13aao	28.86341637013295	0.03796508838949298	13
CSP13aaq	30.299875447171782	0.039387750435157874	9
CSP13aax	29.37681778757239	0.07314590727326117	9
CSP13aay	29.48809730172213	0.04870703871379192	10
CSP13aba	29.26113642500023	0.10245675657130299	7
CSP13abl	29.29593549655282	0.05393369749174598	8
CSP13abs	30.35636514392942	0.04732880559374406	10
CSP13ag	29.73650693285954	0.11886875586328996	8
CSP13am	29.623558471872574	0.04156381121578927	11
CSP13an	29.805239182201404	0.08478630317742396	5
CSP13B	29.619926226241844	0.049853436719282745	21
CSP13bf	29.211882582225133	0.23329129479368513	8
CSP13bh	29.019078241614416	0.1152827019241703	6
CSP13M	29.37577901522413	0.07708665131101249	7
CSP13N	29.50055866834792	0.16622502491582808	9
CSP13P	28.655345285644614	0.060793978757411264	11
CSP13Q	28.77732208957115	0.11020351162905165	7
CSP13U	29.138985015263376	0.2285045158499102	9
CSP13Y	29.377967628242786	0.07557888766206408	9
CSP14aaa	29.583386063926337	0.046471585362070404	4
CSP14aab	29.706148776480056	0.042554589774941316	10
CSP14aal	30.268565520425675	0.05512006683458383	11
CSP14aaq	29.601983199210288	0.056203632556697754	11
CSP14aar	29.330162372875712	0.24865029580021863	8
CSP14aaw	29.198821555183663	0.18525474883883386	5
CSP14aax	29.620361802448087	0.05241744671806029	13
CSP14aay	29.493639731757526	0.12910339400047113	9
CSP14aba	29.594001812781258	0.09077772098414479	8
CSP14abf	29.097140247438254	0.03169819869216923	13
CSP14abl	28.905619063670986	0.04187449368992627	7
CSP14acm	29.55197144199861	0.04606266089978351	5
CSP14acp	29.715156717438933	0.057679858356230004	8
CSP14acy	29.599781812215998	0.039871900654750166	6
CSP14adc	29.408380713739426	0.1813686020148057	3
CSP14ade	29.69595581098737	0.05527628866721372	6
CSP14adf	29.37509397816173	0.09835289884407535	10
CSP15aaj	29.8106317036861	0.1043795469398965	2
CSP15B	29.80332275695591	0.06767624027859238	3
KISS13l	29.123906898193063	0.29051143954735575	6
KISS13v	30.186138333114517	0.06438308036143042	7
KISS15m	29.318838119506836	0.3098353974238754	1
LSQ11bk	30.382221146881278	0.09350773742026613	8
LSQ11ot	30.319043011207306	0.04148694996327183	17
LSQ11pn	30.1897415722321	0.04752596799446747	15
LSQ12agq	30.013904791179392	0.06591419343296874	12
LSQ12aor	30.06859979444283	0.10365624704845915	11
LSQ12bld	30.19816332081278	0.25928754318394076	5
LSQ12btn	30.119766522393064	0.06320405603704486	14
LSQ12ca	29.93511180568564	0.09283160377251848	11
LSQ12cda	30.018388424452382	0.07435101479549637	8
LSQ12cdl	29.842148424283163	0.11029470927573254	13
LSQ12fuk	30.10187273824928	0.09984895522927073	5
LSQ12fvl	29.932400849573796	0.04433324239974421	9
LSQ12fxd	29.870264431147792	0.12465487993402347	10
LSQ12gdj	29.8222884573041	0.07955476863076932	11
LSQ12gef	nan	inf	0
LSQ12gln	30.03959003517313	0.10051424845182108	14
LSQ12gpw	29.582027511882846	0.16516923880863688	13
LSQ12gxj	29.760181259628474	0.2692311422667857	10
LSQ12gyc	29.75617566972812	0.04015097688127606	7
LSQ12gzm	29.92515517088368	0.07599035593664813	14
LSQ12hjm	29.98996614946936	0.1480347955747917	3
LSQ12hno	29.745071616693192	0.20795253491065502	18
LSQ12hnr	29.58662193283964	0.0561356763094516	15
LSQ12hvj	29.70255397744327	0.036226331685030845	19
LSQ12hxx	29.282353665464377	0.17074594519270822	13
LSQ12hzj	29.525589003316462	0.0595829044555708	18
LSQ12hzs	29.470894689568574	0.07148932586169367	10
LSQ13cwp	28.904213290308995	0.05217889195857304	8
LSQ13dby	28.87434513834021	0.05929226268980698	9
LSQ13dhj	28.853864176395412	0.1054546073134006	5
LSQ13dkp	29.415787645298714	0.05454358308741166	13
LSQ13dpm	29.46383003940844	0.04301008032308083	20
LSQ13dqh	29.357933174139763	0.05372746824854563	8
LSQ13dsm	29.58453847277508	0.065662774218803	6
LSQ14act	29.69332018817442	0.039932102061274476	21
LSQ14age	29.71547292479145	0.05294627550407249	10
LSQ14ahc	29.724749143009802	0.053688343176325155	11
LSQ14ahm	29.425221477943857	0.06075960495907265	10
LSQ14ajn	29.611710119086318	0.04922520541147307	4
LSQ14asu	29.709131089988183	0.04453531758666802	9
LSQ14auy	29.710929933273192	0.08528205702988098	3
LSQ14azy	29.580169709019675	0.04999492909616371	4
LSQ14ba	29.732239247427927	0.05229655186851992	6
LSQ14bbv	29.679053467849396	0.030167932773283942	15
LSQ14bjj	30.438044499023242	0.05593894575424491	5
LSQ14fms	29.566155415009305	0.07662417685349177	9
LSQ14foj	29.653577349785728	0.08742010192128291	5
LSQ14gfb	29.661564590241806	0.06798267940243366	7
LSQ14gfn	29.645622627068953	0.0331917059839159	11
LSQ14ghv	29.62430548854793	0.04707038887968821	7
LSQ14gov	29.350599750840846	0.27148991035437625	9
LSQ14ie	29.732322809793352	0.05186679209712004	28
LSQ14ip	29.46599462021033	0.08447782319019673	6
LSQ14jp	29.583103570452966	0.06151086774663827	10
LSQ14mc	29.602102943946928	0.06454207474538101	8
LSQ14q	29.6168488701721	0.1053325054433262	4
LSQ14wp	30.327547715852152	0.05995082379609147	7
LSQ14xi	29.63627757933115	0.0639159374622231	13
LSQ15aae	29.732728999880603	0.0445152872664386	9
LSQ15agh	29.61425225903977	0.06763309583628102	5
LSQ15aja	30.333173060315747	0.08803894537664726	8
LSQ15alq	29.78281910155411	0.1023290699786092	5
LSQ15bv	29.763030830898487	0.06484515148868092	8
PS15sv	29.723987155470475	0.0541917336893143	5
PTF11pbp	30.34374004422336	0.04987841809377145	8
PTF11ppn	29.58826086534526	0.049393438789481665	14
PTF11pra	29.731364219805727	0.1956235120039751	3
PTF13anh	29.967492978321605	0.10389777281658932	8
PTF13duj	28.763381507213904	0.0880601953035368	5
PTF13dwl	29.331772152225092	0.053567036313408464	9
PTF13dym	28.796378593691355	0.07122668223997979	8
PTF13ebh	29.21758740196786	0.02797781593393881	15
PTF13efe	30.13706939153389	0.14451816288373656	11
PTF13ez	28.968418309335103	0.3440185718806319	6
PTF14aje	29.668448221903084	0.03696802568390274	11
PTF14fpg	29.55096517286912	0.051898039018795986	8
PTF14gnl	29.616575341336425	0.07672819624847234	5
PTF14uo	29.517619820349793	0.15794954580291054	4
PTF14w	29.62891989716065	0.064756885070946	8
PTF14yy	29.630606446537808	0.09584015205552711	9
SN2011iv	29.21425789212573	0.05372086571762329	9
SN2011iy	30.009650312906135	0.08216905913919603	14
SN2011jh	30.003332976337074	0.10959820201833177	7
SN2011jn	29.906205225660155	0.11512378338555783	7
SN2011jt	29.696340586161806	0.05149705825615815	11
SN2012aq	29.901482417182535	0.08367538490866526	9
SN2012ar	30.07257538009996	0.07558770588766306	12
SN2012bl	29.88726531731223	0.04417829391727324	18
SN2012bo	29.97572678199533	0.06372164391975436	20
SN2012E	29.67089481356781	0.13936873067397573	6
SN2012fr	27.326002760370326	0.5016008228367638	3
SN2012G	29.97662611836309	0.06476275733402836	6
SN2012gm	28.749559161884264	0.10166147516512591	10
SN2012hl	28.772004858894512	0.1003442244535801	14
SN2012id	29.383031563207116	0.09232475654094949	21
SN2012ij	29.215329827788423	0.16222759474842527	8
SN2012U	29.42787861543533	0.06868045576919084	11
SN2013fy	28.909514433425517	0.05489466591467039	7
SN2013hn	29.290367909247042	0.06138600672192525	11
